contractSymbol,strike,lastPrice_new,signal_type,stock_price_change_pct,option_type,volume_change_abs,volume_new,amount_threshold,amount_to_market_cap_pct,openInterest_new,amount_tier,expiry_date,股票价格(new),股票价格(old),股票价格(new open),股票价格(new high),股票价格(new low),bid,ask,impliedVolatility,inTheMoney,symbol,volume_old,lastPrice_old,openInterest_old,volume_change,volume_change_pct,option_price_change,stock_price_change,market_cap,option_price_change_pct,amount_to_market_cap
TSLA260306C00390000,390.0,18.08,买 Call，看涨,1.5840177467905565,CALL,56926.0,57180.0,102922208.0,0.007245554373520958,6728.0,>50M,2026-03-06,405.9400024414063,399.610107421875,397.8450012207031,408.3299865722656,394.5899963378906,17.95,18.2,0.5271043383789062,True,TSLA,254.0,12.05,6728.0,56926.0,22411.81102362205,0.5004149377593359,0.015840177467905565,1420487690716.0,50.04149377593359,7.245554373520958e-05
TSLA260304C00400000,400.0,6.8,买 Call，看涨,1.5840177467905565,CALL,71045.0,75877.0,48310600.0,0.003400986880474053,8846.0,10M-50M,2026-03-04,405.9400024414063,399.610107421875,397.8450012207031,408.3299865722656,394.5899963378906,6.7,6.85,0.3549869189453124,True,TSLA,4832.0,2.75,8846.0,71045.0,1470.3021523178809,1.4727272727272727,0.015840177467905565,1420487690716.0,147.27272727272725,3.400986880474053e-05
TSLA260306C00380000,380.0,27.52,买 Call，看涨,1.5840177467905565,CALL,17517.0,17528.0,48206784.0,0.0033936784046119583,2992.0,10M-50M,2026-03-06,405.9400024414063,399.610107421875,397.8450012207031,408.3299865722656,394.5899963378906,27.2,27.65,0.6447789428710937,True,TSLA,11.0,19.48,2992.0,17517.0,159245.45454545456,0.4127310061601642,0.015840177467905565,1420487690716.0,41.27310061601642,3.393678404611958e-05
TSLA260306C00400000,400.0,9.87,买 Call，看涨,1.5840177467905565,CALL,42026.0,43560.0,41479662.0,0.002920100066413957,11933.0,10M-50M,2026-03-06,405.9400024414063,399.610107421875,397.8450012207031,408.3299865722656,394.5899963378906,9.85,9.95,0.4498346032714844,True,TSLA,1534.0,5.5,11933.0,42026.0,2739.6349413298567,0.7945454545454544,0.015840177467905565,1420487690716.0,79.45454545454544,2.920100066413957e-05
TSLA260306C00385000,385.0,22.62,买 Call，看涨,1.5840177467905565,CALL,15983.0,16009.0,36153546.0,0.002545150249192003,1156.0,10M-50M,2026-03-06,405.9400024414063,399.610107421875,397.8450012207031,408.3299865722656,394.5899963378906,22.4,22.9,0.5803264624023439,True,TSLA,26.0,15.27,1156.0,15983.0,61473.07692307693,0.4813359528487231,0.015840177467905565,1420487690716.0,48.133595284872314,2.545150249192003e-05
TSLA260304C00405000,405.0,1.8,买 Call，看涨,1.5840177467905565,CALL,163300.0,169113.0,29394000.0,0.0020692893146567067,6203.0,10M-50M,2026-03-04,405.9400024414063,399.610107421875,397.8450012207031,408.3299865722656,394.5899963378906,1.77,1.84,0.1555260229492187,True,TSLA,5813.0,1.13,6203.0,163300.0,2809.2207121968004,0.592920353982301,0.015840177467905565,1420487690716.0,59.292035398230105,2.0692893146567068e-05
TSLA260304C00402500,402.5,4.26,买 Call，看涨,1.5840177467905565,CALL,63973.0,65121.0,27252498.0,0.0019185310916888915,3229.0,10M-50M,2026-03-04,405.9400024414063,399.610107421875,397.8450012207031,408.3299865722656,394.5899963378906,4.15,4.25,0.2482985327148437,True,TSLA,1148.0,1.77,3229.0,63973.0,5572.5609756097565,1.406779661016949,0.015840177467905565,1420487690716.0,140.6779661016949,1.9185310916888915e-05
TSLA260306P00445000,445.0,37.6,卖 Put，看涨,1.5840177467905565,PUT,6902.0,9214.0,25951520.0,0.0018269443775974627,201.0,10M-50M,2026-03-06,405.9400024414063,399.610107421875,397.8450012207031,408.3299865722656,394.5899963378906,37.95,38.5,1.0000000000000004e-05,True,TSLA,2312.0,52.56,201.0,6902.0,298.5294117647059,-0.2846270928462709,0.015840177467905565,1420487690716.0,-28.462709284627092,1.8269443775974627e-05
TSLA260306C00405000,405.0,6.52,买 Call，看涨,1.5840177467905565,CALL,38860.0,39201.0,25336720.0,0.0017836634675256475,3239.0,10M-50M,2026-03-06,405.9400024414063,399.610107421875,397.8450012207031,408.3299865722656,394.5899963378906,6.5,6.55,0.4138242211914062,True,TSLA,341.0,3.4,3239.0,38860.0,11395.894428152493,0.9176470588235294,0.015840177467905565,1420487690716.0,91.76470588235294,1.7836634675256476e-05
TSLA260306P00420000,420.0,14.28,卖 Put，看涨,1.5840177467905565,PUT,14460.0,14462.0,20648880.0,0.0014536472322116277,3121.0,10M-50M,2026-03-06,405.9400024414063,399.610107421875,397.8450012207031,408.3299865722656,394.5899963378906,14.1,14.25,0.231452998046875,True,TSLA,2.0,24.5,3121.0,14460.0,723000.0,-0.41714285714285715,0.015840177467905565,1420487690716.0,-41.714285714285715,1.4536472322116276e-05
MU260306C00400000,400.0,10.38,买 Call，看涨,2.04330901634784,CALL,17148.0,19103.0,17799624.000000004,0.010113146647907778,7206.0,10M-50M,2026-03-06,400.7699890136719,392.7449951171875,393.635009765625,407.8800048828125,387.60888671875,10.15,10.5,0.6861603649902344,True,MU,1955.0,8.54,7206.0,17148.0,877.1355498721227,0.21545667447306813,0.0204330901634784,176004804634.0,21.545667447306812,0.00010113146647907778
TSLA260304C00397500,397.5,9.27,买 Call，看涨,1.5840177467905565,CALL,17936.0,19786.0,16626672.0,0.001170490396268009,2564.0,10M-50M,2026-03-04,405.9400024414063,399.610107421875,397.8450012207031,408.3299865722656,394.5899963378906,9.15,9.3,0.4311580322265625,True,TSLA,1850.0,3.95,2564.0,17936.0,969.5135135135135,1.3468354430379745,0.015840177467905565,1420487690716.0,134.68354430379745,1.170490396268009e-05
MU260306C00410000,410.0,5.88,买 Call，看涨,2.04330901634784,CALL,27761.0,30064.0,16323468.0,0.009274444543684172,6947.0,10M-50M,2026-03-06,400.7699890136719,392.7449951171875,393.635009765625,407.8800048828125,387.60888671875,5.8,6.05,0.6726106958007814,False,MU,2303.0,4.4,6947.0,27761.0,1205.427702996092,0.33636363636363625,0.0204330901634784,176004804634.0,33.636363636363626,9.274444543684173e-05
TSLA260306P00410000,410.0,6.95,卖 Put，看涨,1.5840177467905565,PUT,22498.0,22503.0,15636110.0,0.0011007564586581235,3524.0,10M-50M,2026-03-06,405.9400024414063,399.610107421875,397.8450012207031,408.3299865722656,394.5899963378906,7.0,7.05,0.3216620568847655,True,TSLA,5.0,14.35,3524.0,22498.0,449960.00000000006,-0.5156794425087108,0.015840177467905565,1420487690716.0,-51.56794425087108,1.1007564586581235e-05
TSLA260306P00415000,415.0,10.0,卖 Put，看涨,1.5840177467905565,PUT,15583.0,15584.0,15583000.0,0.0010970176019015944,1300.0,10M-50M,2026-03-06,405.9400024414063,399.610107421875,397.8450012207031,408.3299865722656,394.5899963378906,10.15,10.3,0.2929758203124999,True,TSLA,1.0,20.15,1300.0,15583.0,1558300.0,-0.5037220843672456,0.015840177467905565,1420487690716.0,-50.37220843672456,1.0970176019015944e-05
TSLA260306C00410000,410.0,4.0,买 Call，看涨,1.5840177467905565,CALL,35870.0,36577.0,14348000.0,0.0010100756306285102,8589.0,10M-50M,2026-03-06,405.9400024414063,399.610107421875,397.8450012207031,408.3299865722656,394.5899963378906,3.9,4.0,0.3934386828613281,False,TSLA,707.0,1.9,8589.0,35870.0,5073.550212164074,1.105263157894737,0.015840177467905565,1420487690716.0,110.5263157894737,1.0100756306285102e-05
MU260320P00390000,390.0,23.6,卖 Put，看涨,2.04330901634784,PUT,5966.0,5968.0,14079760.0,0.007999645253593334,4182.0,10M-50M,2026-03-20,400.7699890136719,392.7449951171875,393.635009765625,407.8800048828125,387.60888671875,23.3,24.2,0.8477188079833984,False,MU,2.0,26.85,4182.0,5966.0,298300.0,-0.12104283054003724,0.0204330901634784,176004804634.0,-12.104283054003725,7.999645253593334e-05
TSLA260306P00430000,430.0,23.29,卖 Put，看涨,1.5840177467905565,PUT,6022.0,6027.0,14025238.0,0.0009873537160276656,6284.0,10M-50M,2026-03-06,405.9400024414063,399.610107421875,397.8450012207031,408.3299865722656,394.5899963378906,23.05,23.55,1.0000000000000004e-05,True,TSLA,5.0,36.62,6284.0,6022.0,120440.00000000001,-0.36400873839432,0.015840177467905565,1420487690716.0,-36.400873839432,9.873537160276656e-06
MU260306C00390000,390.0,16.7,买 Call，看涨,2.04330901634784,CALL,8194.0,8641.0,13683979.999999998,0.007774776392301153,4952.0,10M-50M,2026-03-06,400.7699890136719,392.7449951171875,393.635009765625,407.8800048828125,387.60888671875,16.3,17.0,0.7266873034667969,True,MU,447.0,13.4,4952.0,8194.0,1833.1096196868011,0.24626865671641782,0.0204330901634784,176004804634.0,24.62686567164178,7.774776392301153e-05
TSLA260320P00400000,400.0,11.08,卖 Put，看涨,1.5840177467905565,PUT,12277.0,12279.0,13602916.0,0.0009576229409734216,13553.0,10M-50M,2026-03-20,405.9400024414063,399.610107421875,397.8450012207031,408.3299865722656,394.5899963378906,11.0,11.15,0.4013121392822265,False,TSLA,2.0,15.4,13553.0,12277.0,613850.0,-0.28051948051948056,0.015840177467905565,1420487690716.0,-28.051948051948056,9.576229409734215e-06
TSLA260306C00395000,395.0,13.85,买 Call，看涨,1.5840177467905565,CALL,9354.0,10050.0,12955290.0,0.0009120311344246747,4199.0,10M-50M,2026-03-06,405.9400024414063,399.610107421875,397.8450012207031,408.3299865722656,394.5899963378906,13.75,13.9,0.4926808544921875,True,TSLA,696.0,8.26,4199.0,9354.0,1343.9655172413793,0.6767554479418886,0.015840177467905565,1420487690716.0,67.67554479418885,9.120311344246748e-06
TSLA260313C00400000,400.0,15.02,买 Call，看涨,1.5840177467905565,CALL,8459.0,8574.0,12705418.0,0.0008944405560878747,1918.0,10M-50M,2026-03-13,405.9400024414063,399.610107421875,397.8450012207031,408.3299865722656,394.5899963378906,15.0,15.1,0.4470880487060547,True,TSLA,115.0,10.3,1918.0,8459.0,7355.652173913043,0.4582524271844659,0.015840177467905565,1420487690716.0,45.82524271844659,8.944405560878747e-06
TSLA260320C00400000,400.0,18.5,买 Call，看涨,1.5840177467905565,CALL,6679.0,6991.0,12356150.0,0.0008698526626282735,9776.0,10M-50M,2026-03-20,405.9400024414063,399.610107421875,397.8450012207031,408.3299865722656,394.5899963378906,18.5,18.65,0.4469049450683593,True,TSLA,312.0,14.0,9776.0,6679.0,2140.705128205128,0.32142857142857145,0.015840177467905565,1420487690716.0,32.142857142857146,8.698526626282735e-06
TSLA260306C00402500,402.5,8.17,买 Call，看涨,1.5840177467905565,CALL,13962.0,14266.0,11406954.0,0.0008030308234667138,2823.0,10M-50M,2026-03-06,405.9400024414063,399.610107421875,397.8450012207031,408.3299865722656,394.5899963378906,8.1,8.15,0.4295711340332031,True,TSLA,304.0,4.45,2823.0,13962.0,4592.763157894737,0.8359550561797752,0.015840177467905565,1420487690716.0,83.59550561797752,8.030308234667138e-06
AMD260306C00200000,200.0,4.5,买 Call，看涨,2.8922083365868687,CALL,25103.0,25726.0,11296350.0,0.004365255710663501,7660.0,10M-50M,2026-03-06,202.07000732421875,196.38999938964844,192.1699981689453,202.44000244140625,189.8600006103516,4.45,4.55,0.469731865234375,True,AMD,623.0,1.45,7660.0,25103.0,4029.3739967897272,2.103448275862069,0.028922083365868687,258778654648.0,210.3448275862069,4.3652557106635016e-05
TSLA260306P00405000,405.0,4.62,卖 Put，看涨,1.5840177467905565,PUT,24022.0,24097.0,11098164.0,0.0007812925147141505,2837.0,10M-50M,2026-03-06,405.9400024414063,399.610107421875,397.8450012207031,408.3299865722656,394.5899963378906,4.6,4.65,0.3481510498046875,False,TSLA,75.0,10.35,2837.0,24022.0,32029.333333333336,-0.553623188405797,0.015840177467905565,1420487690716.0,-55.362318840579704,7.812925147141505e-06
TSLA260306P00400000,400.0,2.97,卖 Put，看涨,1.5840177467905565,PUT,33757.0,34135.0,10025829.0,0.0007058018922322698,7780.0,10M-50M,2026-03-06,405.9400024414063,399.610107421875,397.8450012207031,408.3299865722656,394.5899963378906,2.95,2.97,0.3726869372558594,False,TSLA,378.0,6.75,7780.0,33757.0,8930.423280423282,-0.5599999999999999,0.015840177467905565,1420487690716.0,-55.99999999999999,7.058018922322698e-06
COIN260306C00210000,210.0,5.11,买 Call，看涨,2.393073985688758,CALL,19433.0,24170.0,9930263.0,0.01236394503460704,2676.0,5M-10M,2026-03-06,208.92999267578125,204.0469970703125,195.43499755859372,212.07000732421875,195.3999938964844,5.05,5.35,0.7551294018554688,False,COIN,4737.0,4.1,2676.0,19433.0,410.23854760396875,0.24634146341463434,0.023930739856887578,80316298497.0,24.634146341463435,0.0001236394503460704
TSLA260306C00397500,397.5,12.18,买 Call，看涨,1.5840177467905565,CALL,7956.0,8284.0,9690408.0,0.0006821888048262867,1879.0,5M-10M,2026-03-06,405.9400024414063,399.610107421875,397.8450012207031,408.3299865722656,394.5899963378906,11.7,11.85,0.4689994506835938,True,TSLA,328.0,7.15,1879.0,7956.0,2425.6097560975613,0.7034965034965034,0.015840177467905565,1420487690716.0,70.34965034965033,6.821888048262867e-06
AMD260306C00195000,195.0,8.1,买 Call，看涨,2.8922083365868687,CALL,11704.0,12635.0,9480240.0,0.003663455169011278,2075.0,5M-10M,2026-03-06,202.07000732421875,196.38999938964844,192.1699981689453,202.44000244140625,189.8600006103516,8.05,8.2,0.5039112109375,True,AMD,931.0,2.78,2075.0,11704.0,1257.142857142857,1.9136690647482018,0.028922083365868687,258778654648.0,191.36690647482018,3.663455169011278e-05
TSLA260304C00395000,395.0,11.75,买 Call，看涨,1.5840177467905565,CALL,7998.0,8967.0,9397650.0,0.0006615791225380555,4625.0,5M-10M,2026-03-04,405.9400024414063,399.610107421875,397.8450012207031,408.3299865722656,394.5899963378906,11.65,11.8,0.5117236328125,True,TSLA,969.0,5.55,4625.0,7998.0,825.3869969040247,1.1171171171171173,0.015840177467905565,1420487690716.0,111.71171171171173,6.615791225380555e-06
TSLA260306C00407500,407.5,5.17,买 Call，看涨,1.5840177467905565,CALL,17216.0,17429.0,8900672.0,0.0006265926877207642,6524.0,5M-10M,2026-03-06,405.9400024414063,399.610107421875,397.8450012207031,408.3299865722656,394.5899963378906,5.1,5.15,0.4008848974609375,False,TSLA,213.0,2.59,6524.0,17216.0,8082.629107981221,0.9961389961389963,0.015840177467905565,1420487690716.0,99.61389961389962,6.265926877207641e-06
TSLA260313C00390000,390.0,22.3,买 Call，看涨,1.5840177467905565,CALL,3853.0,3886.0,8592190.0,0.0006048760616622511,904.0,5M-10M,2026-03-13,405.9400024414063,399.610107421875,397.8450012207031,408.3299865722656,394.5899963378906,22.0,22.15,0.4799856689453124,True,TSLA,33.0,16.0,904.0,3853.0,11675.757575757576,0.39375000000000004,0.015840177467905565,1420487690716.0,39.37500000000001,6.0487606166225115e-06
INTC260417C00050000,50.0,2.31,买 Call，看涨,4.721425004325222,CALL,36298.0,36678.0,8384838.0,0.005396221606541235,54545.0,5M-10M,2026-04-17,45.58000183105469,43.525001525878906,44.022499084472656,46.125,43.27000045776367,2.3,2.33,0.6225623681640625,False,INTC,380.0,1.65,54545.0,36298.0,9552.105263157895,0.40000000000000013,0.04721425004325222,155383500000.0,40.000000000000014,5.396221606541235e-05
TSLA260313C00395000,395.0,18.44,买 Call，看涨,1.5840177467905565,CALL,4266.0,4415.0,7866504.000000001,0.000553788959342187,1588.0,5M-10M,2026-03-13,405.9400024414063,399.610107421875,397.8450012207031,408.3299865722656,394.5899963378906,18.35,18.45,0.4617973742675781,True,TSLA,149.0,13.45,1588.0,4266.0,2863.087248322148,0.37100371747211913,0.015840177467905565,1420487690716.0,37.100371747211916,5.5378895934218705e-06
TSLA260304C00390000,390.0,16.97,买 Call，看涨,1.5840177467905565,CALL,4524.0,4647.0,7677228.0,0.0005404642398647098,4539.0,5M-10M,2026-03-04,405.9400024414063,399.610107421875,397.8450012207031,408.3299865722656,394.5899963378906,16.6,16.8,0.641605146484375,True,TSLA,123.0,8.58,4539.0,4524.0,3678.048780487805,0.9778554778554777,0.015840177467905565,1420487690716.0,97.78554778554776,5.404642398647098e-06
TSLA260313P00395000,395.0,6.15,卖 Put，看涨,1.5840177467905565,PUT,12119.0,12173.0,7453185.000000001,0.0005246919806987702,2057.0,5M-10M,2026-03-13,405.9400024414063,399.610107421875,397.8450012207031,408.3299865722656,394.5899963378906,6.2,6.25,0.410589390258789,False,TSLA,54.0,9.0,2057.0,12119.0,22442.59259259259,-0.31666666666666665,0.015840177467905565,1420487690716.0,-31.666666666666664,5.246919806987702e-06
COIN260306C00200000,200.0,11.74,买 Call，看涨,2.393073985688758,CALL,6220.0,7906.0,7302280.0,0.009091903059094235,7897.0,5M-10M,2026-03-06,208.92999267578125,204.0469970703125,195.43499755859372,212.07000732421875,195.3999938964844,12.0,12.1,0.9001474829101561,True,COIN,1686.0,8.95,7897.0,6220.0,368.92052194543294,0.3117318435754191,0.023930739856887578,80316298497.0,31.17318435754191,9.091903059094235e-05
TSLA260515C00430000,430.0,24.58,买 Call，看涨,1.5840177467905565,CALL,2898.0,3180.0,7123284.0,0.0005014674922251169,2597.0,5M-10M,2026-05-15,405.9400024414063,399.610107421875,397.8450012207031,408.3299865722656,394.5899963378906,24.55,24.7,0.4762015270996094,False,TSLA,282.0,19.21,2597.0,2898.0,1027.659574468085,0.27954190525767814,0.015840177467905565,1420487690716.0,27.954190525767814,5.014674922251169e-06
MU260313C00400000,400.0,19.5,买 Call，看涨,2.04330901634784,CALL,3533.0,3715.0,6889350.0,0.003914296552486919,4877.0,5M-10M,2026-03-13,400.7699890136719,392.7449951171875,393.635009765625,407.8800048828125,387.60888671875,18.85,19.8,0.716677637939453,True,MU,182.0,16.29,4877.0,3533.0,1941.2087912087914,0.19705340699815843,0.0204330901634784,176004804634.0,19.705340699815842,3.9142965524869196e-05
TSLA260313P00420000,420.0,17.92,卖 Put，看涨,1.5840177467905565,PUT,3839.0,3991.0,6879488.0,0.000484304654307309,806.0,5M-10M,2026-03-13,405.9400024414063,399.610107421875,397.8450012207031,408.3299865722656,394.5899963378906,18.0,18.2,0.3511417425537109,True,TSLA,152.0,29.65,806.0,3839.0,2525.657894736842,-0.39561551433389536,0.015840177467905565,1420487690716.0,-39.56155143338954,4.84304654307309e-06
MU260313P00340000,340.0,3.35,卖 Put，看涨,2.04330901634784,PUT,19601.0,20150.0,6566335.000000001,0.003730770312580171,2357.0,5M-10M,2026-03-13,400.7699890136719,392.7449951171875,393.635009765625,407.8800048828125,387.60888671875,3.2,3.45,0.8680433117675781,False,MU,549.0,6.47,2357.0,19601.0,3570.309653916211,-0.482225656877898,0.0204330901634784,176004804634.0,-48.222565687789796,3.730770312580171e-05
TSLA260306C00392500,392.5,16.3,买 Call，看涨,1.5840177467905565,CALL,3948.0,4059.0,6435240.0,0.00045303032487077047,2313.0,5M-10M,2026-03-06,405.9400024414063,399.610107421875,397.8450012207031,408.3299865722656,394.5899963378906,15.8,16.05,0.5074512145996093,True,TSLA,111.0,10.0,2313.0,3948.0,3556.7567567567567,0.6300000000000001,0.015840177467905565,1420487690716.0,63.000000000000014,4.530303248707705e-06
MU260306C00405000,405.0,8.1,买 Call，看涨,2.04330901634784,CALL,7706.0,7774.0,6241860.0,0.003546414549864066,3465.0,5M-10M,2026-03-06,400.7699890136719,392.7449951171875,393.635009765625,407.8800048828125,387.60888671875,7.8,8.1,0.6810334631347659,False,MU,68.0,6.1,3465.0,7706.0,11332.35294117647,0.3278688524590164,0.0204330901634784,176004804634.0,32.786885245901644,3.546414549864066e-05
TSLA260309C00400000,400.0,11.36,买 Call，看涨,1.5840177467905565,CALL,5298.0,5386.0,6018528.0,0.00042369448460101384,1582.0,5M-10M,2026-03-09,405.9400024414063,399.610107421875,397.8450012207031,408.3299865722656,394.5899963378906,11.25,11.35,0.3897766101074219,True,TSLA,88.0,6.65,1582.0,5298.0,6020.454545454545,0.7082706766917292,0.015840177467905565,1420487690716.0,70.82706766917292,4.2369448460101384e-06
TSLA260313C00405000,405.0,12.0,买 Call，看涨,1.5840177467905565,CALL,4968.0,5046.0,5961600.0,0.0004196868469162898,1259.0,5M-10M,2026-03-13,405.9400024414063,399.610107421875,397.8450012207031,408.3299865722656,394.5899963378906,11.9,12.0,0.4304866522216797,True,TSLA,78.0,7.85,1259.0,4968.0,6369.2307692307695,0.5286624203821657,0.015840177467905565,1420487690716.0,52.86624203821657,4.196868469162898e-06
AMD260306C00197500,197.5,6.1,买 Call，看涨,2.8922083365868687,CALL,9674.0,9709.0,5901139.999999999,0.00228038128107086,1754.0,5M-10M,2026-03-06,202.07000732421875,196.38999938964844,192.1699981689453,202.44000244140625,189.8600006103516,6.1,6.2,0.476567734375,True,AMD,35.0,1.9,1754.0,9674.0,27639.999999999996,2.2105263157894735,0.028922083365868687,258778654648.0,221.05263157894734,2.28038128107086e-05
TSLA260309C00405000,405.0,8.11,买 Call，看涨,1.5840177467905565,CALL,7218.0,7330.0,5853798.0,0.00041209776320197324,1170.0,5M-10M,2026-03-09,405.9400024414063,399.610107421875,397.8450012207031,408.3299865722656,394.5899963378906,8.05,8.15,0.3698793481445312,True,TSLA,112.0,4.55,1170.0,7218.0,6444.642857142857,0.7824175824175824,0.015840177467905565,1420487690716.0,78.24175824175825,4.120977632019733e-06
TSLA260304C00392500,392.5,14.47,买 Call，看涨,1.5840177467905565,CALL,4037.0,4507.0,5841539.0,0.00041123474973975727,4264.0,5M-10M,2026-03-04,405.9400024414063,399.610107421875,397.8450012207031,408.3299865722656,394.5899963378906,14.25,14.4,0.594730615234375,True,TSLA,470.0,8.15,4264.0,4037.0,858.9361702127659,0.7754601226993865,0.015840177467905565,1420487690716.0,77.54601226993864,4.112347497397573e-06
AMD260306C00202500,202.5,3.2,买 Call，看涨,2.8922083365868687,CALL,18233.0,18342.0,5834560.000000001,0.0022546527293514137,2956.0,5M-10M,2026-03-06,202.07000732421875,196.38999938964844,192.1699981689453,202.44000244140625,189.8600006103516,3.1,3.25,0.4731497998046875,False,AMD,109.0,0.82,2956.0,18233.0,16727.522935779816,2.9024390243902447,0.028922083365868687,258778654648.0,290.24390243902445,2.2546527293514137e-05
COIN260306C00205000,205.0,7.96,买 Call，看涨,2.393073985688758,CALL,6996.0,8602.0,5568816.0,0.006933606384024293,1441.0,5M-10M,2026-03-06,208.92999267578125,204.0469970703125,195.43499755859372,212.07000732421875,195.3999938964844,7.85,8.25,0.7854025366210937,True,COIN,1606.0,5.85,1441.0,6996.0,435.61643835616434,0.36068376068376073,0.023930739856887578,80316298497.0,36.068376068376075,6.933606384024294e-05
INTC260417P00045000,45.0,3.4,卖 Put，看涨,4.721425004325222,PUT,16120.0,16472.0,5480800.0,0.0035272728442852686,9353.0,5M-10M,2026-04-17,45.58000183105469,43.525001525878906,44.022499084472656,46.125,43.27000045776367,3.4,3.5,0.5893595751953126,False,INTC,352.0,4.55,9353.0,16120.0,4579.545454545455,-0.25274725274725274,0.04721425004325222,155383500000.0,-25.274725274725274,3.5272728442852686e-05
AMD260320C00200000,200.0,10.28,买 Call，看涨,2.8922083365868687,CALL,5181.0,5219.0,5326068.0,0.0020581558425847406,9641.0,5M-10M,2026-03-20,202.07000732421875,196.38999938964844,192.1699981689453,202.44000244140625,189.8600006103516,10.2,10.35,0.5319871020507813,True,AMD,38.0,5.61,9641.0,5181.0,13634.210526315788,0.8324420677361851,0.028922083365868687,258778654648.0,83.24420677361852,2.0581558425847405e-05
TSLA260306P00407500,407.5,5.7,卖 Put，看涨,1.5840177467905565,PUT,9317.0,9342.0,5310690.0,0.0003738638521621497,957.0,5M-10M,2026-03-06,405.9400024414063,399.610107421875,397.8450012207031,408.3299865722656,394.5899963378906,5.7,5.75,0.3352117260742187,True,TSLA,25.0,11.25,957.0,9317.0,37268.0,-0.4933333333333333,0.015840177467905565,1420487690716.0,-49.33333333333333,3.738638521621497e-06
MU260306P00400000,400.0,10.05,卖 Put，看涨,2.04330901634784,PUT,5231.0,5271.0,5257155.0,0.002986938345764023,3300.0,5M-10M,2026-03-06,400.7699890136719,392.7449951171875,393.635009765625,407.8800048828125,387.60888671875,9.85,10.1,0.7152128088378906,False,MU,40.0,14.05,3300.0,5231.0,13077.5,-0.2846975088967971,0.0204330901634784,176004804634.0,-28.469750889679712,2.986938345764023e-05
MU260306C00395000,395.0,13.32,买 Call，看涨,2.04330901634784,CALL,3851.0,4818.0,5129532.0,0.002914427257066535,3175.0,5M-10M,2026-03-06,400.7699890136719,392.7449951171875,393.635009765625,407.8800048828125,387.60888671875,12.9,13.7,0.7058134887695313,True,MU,967.0,11.35,3175.0,3851.0,398.24198552223373,0.17356828193832605,0.0204330901634784,176004804634.0,17.356828193832605,2.914427257066535e-05
TSLA260306C00415000,415.0,2.2,买 Call，看涨,1.5840177467905565,CALL,23075.0,23383.0,5076500.000000001,0.0003573772608646246,11597.0,5M-10M,2026-03-06,405.9400024414063,399.610107421875,397.8450012207031,408.3299865722656,394.5899963378906,2.19,2.2,0.3774476318359374,False,TSLA,308.0,1.1,11597.0,23075.0,7491.8831168831175,1.0,0.015840177467905565,1420487690716.0,100.0,3.5737726086462456e-06
COIN260320C00200000,200.0,18.35,买 Call，看涨,2.393073985688758,CALL,2761.0,3242.0,5066435.000000001,0.006308103205464884,9880.0,5M-10M,2026-03-20,208.92999267578125,204.0469970703125,195.43499755859372,212.07000732421875,195.3999938964844,17.9,18.45,0.7526880200195312,True,COIN,481.0,15.8,9880.0,2761.0,574.012474012474,0.16139240506329117,0.023930739856887578,80316298497.0,16.139240506329116,6.308103205464884e-05
TSLA260306P00402500,402.5,3.75,卖 Put，看涨,1.5840177467905565,PUT,13220.0,13314.0,4957500.0,0.00034899985634519377,1897.0,<=5M,2026-03-06,405.9400024414063,399.610107421875,397.8450012207031,408.3299865722656,394.5899963378906,3.7,3.8,0.3656069299316406,False,TSLA,94.0,8.31,1897.0,13220.0,14063.82978723404,-0.5487364620938628,0.015840177467905565,1420487690716.0,-54.87364620938629,3.4899985634519374e-06
AMD260313P00170000,170.0,0.86,卖 Put，看涨,2.8922083365868687,PUT,57278.0,57302.0,4925908.0,0.0019035217594358378,13560.0,<=5M,2026-03-13,202.07000732421875,196.38999938964844,192.1699981689453,202.44000244140625,189.8600006103516,0.85,0.86,0.7495142236328125,False,AMD,24.0,1.38,13560.0,57278.0,238658.33333333334,-0.3768115942028985,0.028922083365868687,258778654648.0,-37.68115942028985,1.9035217594358377e-05
TSLA260311C00400000,400.0,13.35,买 Call，看涨,1.5840177467905565,CALL,3538.0,3845.0,4723230.0,0.0003325076331790841,759.0,<=5M,2026-03-11,405.9400024414063,399.610107421875,397.8450012207031,408.3299865722656,394.5899963378906,13.3,13.45,0.4288997540283203,True,TSLA,307.0,8.8,759.0,3538.0,1152.442996742671,0.5170454545454544,0.015840177467905565,1420487690716.0,51.70454545454544,3.325076331790841e-06
AMD260306C00190000,190.0,12.06,买 Call，看涨,2.8922083365868687,CALL,3712.0,3782.0,4476672.0,0.0017299232064133458,3041.0,<=5M,2026-03-06,202.07000732421875,196.38999938964844,192.1699981689453,202.44000244140625,189.8600006103516,11.85,12.25,0.426763544921875,True,AMD,70.0,5.32,3041.0,3712.0,5302.857142857143,1.2669172932330828,0.028922083365868687,258778654648.0,126.69172932330828,1.7299232064133458e-05
MU260306C00420000,420.0,3.05,买 Call，看涨,2.04330901634784,CALL,14564.0,15767.0,4442020.0,0.0025238061024738102,9345.0,<=5M,2026-03-06,400.7699890136719,392.7449951171875,393.635009765625,407.8800048828125,387.60888671875,3.0,3.15,0.663333444824219,False,MU,1203.0,2.5,9345.0,14564.0,1210.6400665004155,0.21999999999999992,0.0204330901634784,176004804634.0,21.999999999999993,2.5238061024738104e-05
TSLA260313P00405000,405.0,9.7,卖 Put，看涨,1.5840177467905565,PUT,4421.0,4506.0,4288370.0,0.00030189420352093565,1045.0,<=5M,2026-03-13,405.9400024414063,399.610107421875,397.8450012207031,408.3299865722656,394.5899963378906,9.75,9.85,0.3852600537109374,False,TSLA,85.0,13.5,1045.0,4421.0,5201.176470588236,-0.28148148148148155,0.015840177467905565,1420487690716.0,-28.148148148148156,3.0189420352093566e-06
INTC260306C00044000,44.0,2.1,买 Call，看涨,4.721425004325222,CALL,20406.0,21311.0,4285260.0,0.0027578603905820116,4635.0,<=5M,2026-03-06,45.58000183105469,43.525001525878906,44.022499084472656,46.125,43.27000045776367,2.07,2.12,0.700198310546875,True,INTC,905.0,1.03,4635.0,20406.0,2254.806629834254,1.0388349514563107,0.04721425004325222,155383500000.0,103.88349514563106,2.7578603905820116e-05
TSLA260320C00410000,410.0,13.05,买 Call，看涨,1.5840177467905565,CALL,3283.0,3317.0,4284315.0,0.00030160873818205924,36171.0,<=5M,2026-03-20,405.9400024414063,399.610107421875,397.8450012207031,408.3299865722656,394.5899963378906,13.05,13.15,0.4298152722167969,False,TSLA,34.0,9.2,36171.0,3283.0,9655.882352941177,0.4184782608695654,0.015840177467905565,1420487690716.0,41.847826086956545,3.0160873818205925e-06
TSLA260313P00400000,400.0,7.78,卖 Put，看涨,1.5840177467905565,PUT,5500.0,5543.0,4279000.0,0.0003012345709129771,3897.0,<=5M,2026-03-13,405.9400024414063,399.610107421875,397.8450012207031,408.3299865722656,394.5899963378906,7.8,7.85,0.3967345483398438,False,TSLA,43.0,11.0,3897.0,5500.0,12790.697674418605,-0.2927272727272727,0.015840177467905565,1420487690716.0,-29.272727272727273,3.012345709129771e-06
TSLA260306P00412500,412.5,8.51,卖 Put，看涨,1.5840177467905565,PUT,4982.0,6031.0,4239682.0,0.00029846664830041427,682.0,<=5M,2026-03-06,405.9400024414063,399.610107421875,397.8450012207031,408.3299865722656,394.5899963378906,8.6,8.7,0.3183661914062499,True,TSLA,1049.0,20.3,682.0,4982.0,474.9285033365109,-0.5807881773399015,0.015840177467905565,1420487690716.0,-58.07881773399015,2.9846664830041425e-06
AMD260306P00200000,200.0,3.47,卖 Put，看涨,2.8922083365868687,PUT,12138.0,12169.0,4211886.0,0.0016276017841305955,5567.0,<=5M,2026-03-06,202.07000732421875,196.38999938964844,192.1699981689453,202.44000244140625,189.8600006103516,3.4,3.45,0.602787175292969,False,AMD,31.0,8.69,5567.0,12138.0,39154.838709677424,-0.6006904487917145,0.028922083365868687,258778654648.0,-60.06904487917145,1.6276017841305955e-05
CRWD260306C00400000,400.0,10.3,买 Call，看涨,4.348713846836424,CALL,4042.0,4453.0,4163260.0000000005,0.0034459844242825553,2548.0,<=5M,2026-03-06,407.6799926757813,390.6900024414063,384.5199890136719,408.4100036621094,380.1099853515625,9.75,10.35,0.3907531628417968,True,CRWD,411.0,4.7,2548.0,4042.0,983.4549878345499,1.1914893617021278,0.043487138468364245,120814823499.0,119.14893617021278,3.4459844242825554e-05
TSLA260304P00410000,410.0,3.24,卖 Put，看涨,1.5840177467905565,PUT,12775.0,17496.0,4139100.0,0.000291385840725848,2045.0,<=5M,2026-03-04,405.9400024414063,399.610107421875,397.8450012207031,408.3299865722656,394.5899963378906,3.25,3.4,1.0000000000000004e-05,True,TSLA,4721.0,16.9,2045.0,12775.0,270.5994492692226,-0.808284023668639,0.015840177467905565,1420487690716.0,-80.82840236686391,2.91385840725848e-06
TSLA260306C00412500,412.5,2.97,买 Call，看涨,1.5840177467905565,CALL,13916.0,14096.0,4133052.0000000005,0.0002909600714608605,8518.0,<=5M,2026-03-06,405.9400024414063,399.610107421875,397.8450012207031,408.3299865722656,394.5899963378906,2.95,2.98,0.3828186718749999,False,TSLA,180.0,1.39,8518.0,13916.0,7731.111111111111,1.1366906474820146,0.015840177467905565,1420487690716.0,113.66906474820146,2.909600714608605e-06
MU260306P00390000,390.0,6.1,卖 Put，看涨,2.04330901634784,PUT,6404.0,6458.0,3906439.9999999995,0.002219507591354337,2012.0,<=5M,2026-03-06,400.7699890136719,392.7449951171875,393.635009765625,407.8800048828125,387.60888671875,6.1,6.3,0.7509790527343749,False,MU,54.0,9.5,2012.0,6404.0,11859.25925925926,-0.3578947368421053,0.0204330901634784,176004804634.0,-35.789473684210535,2.219507591354337e-05
MU260320C00450000,450.0,11.88,买 Call，看涨,2.04330901634784,CALL,3172.0,3322.0,3768336.0,0.002141041551585033,7652.0,<=5M,2026-03-20,400.7699890136719,392.7449951171875,393.635009765625,407.8800048828125,387.60888671875,11.65,12.15,0.8314836187744139,False,MU,150.0,10.1,7652.0,3172.0,2114.666666666667,0.17623762376237637,0.0204330901634784,176004804634.0,17.623762376237636,2.141041551585033e-05
TSLA260304C00407500,407.5,0.3,卖 Call，看空/价差对冲,1.5840177467905565,CALL,115164.0,115663.0,3454919.9999999995,0.00024322069262413244,2910.0,<=5M,2026-03-04,405.9400024414063,399.610107421875,397.8450012207031,408.3299865722656,394.5899963378906,0.29,0.3,0.1018156225585937,False,TSLA,499.0,0.66,2910.0,115164.0,23078.957915831663,-0.5454545454545455,0.015840177467905565,1420487690716.0,-54.545454545454554,2.4322069262413245e-06
TSLA260309P00405000,405.0,6.18,卖 Put，看涨,1.5840177467905565,PUT,5475.0,6162.0,3383550.0,0.0002381963618631932,445.0,<=5M,2026-03-09,405.9400024414063,399.610107421875,397.8450012207031,408.3299865722656,394.5899963378906,6.1,6.2,0.321173780517578,False,TSLA,687.0,15.1,445.0,5475.0,796.943231441048,-0.5907284768211921,0.015840177467905565,1420487690716.0,-59.07284768211921,2.381963618631932e-06
ONDS260618C00010000,10.0,2.8,卖 Call，看空/价差对冲,5.0474773479714,CALL,12021.0,12029.0,3365879.9999999995,0.20049291015294685,26989.0,<=5M,2026-06-18,10.510000228881836,10.005000114440918,10.359999656677246,10.81999969482422,9.93000030517578,2.78,2.81,1.162113564453125,True,ONDS,8.0,2.95,26989.0,12021.0,150262.5,-0.05084745762711876,0.050474773479714,1678802506.0,-5.084745762711876,0.0020049291015294683
TSLA260306C00420000,420.0,1.11,买 Call，看涨,1.5840177467905565,CALL,29586.0,29872.0,3284046.0000000005,0.00023119144371780298,14050.0,<=5M,2026-03-06,405.9400024414063,399.610107421875,397.8450012207031,408.3299865722656,394.5899963378906,1.11,1.12,0.3698793481445312,False,TSLA,286.0,0.57,14050.0,29586.0,10344.755244755246,0.947368421052632,0.015840177467905565,1420487690716.0,94.7368421052632,2.31191443717803e-06
AMD260306C00205000,205.0,2.12,买 Call，看涨,2.8922083365868687,CALL,15246.0,15346.0,3232152.0,0.0012490025517740205,12634.0,<=5M,2026-03-06,202.07000732421875,196.38999938964844,192.1699981689453,202.44000244140625,189.8600006103516,2.1,2.13,0.4614311669921875,False,AMD,100.0,0.5,12634.0,15246.0,15246.0,3.24,0.028922083365868687,258778654648.0,324.0,1.2490025517740206e-05
AMD260306C00192500,192.5,10.39,买 Call，看涨,2.8922083365868687,CALL,3061.0,3337.0,3180379.0,0.0012289958784761693,3298.0,<=5M,2026-03-06,202.07000732421875,196.38999938964844,192.1699981689453,202.44000244140625,189.8600006103516,9.8,10.1,0.4687553125,True,AMD,276.0,4.35,3298.0,3061.0,1109.0579710144928,1.388505747126437,0.028922083365868687,258778654648.0,138.8505747126437,1.2289958784761693e-05
CORZ260618P00017000,17.0,3.25,卖 Put，看涨/对冲,-2.2222258851686694,PUT,9753.0,10005.0,3169725.0,0.06159431680427346,4376.0,<=5M,2026-06-18,15.84000015258789,16.200000762939453,16.0,16.360000610351562,15.789999961853027,3.4,3.6,0.8198260205078124,True,CORZ,252.0,3.7,4376.0,9753.0,3870.238095238095,-0.12162162162162167,-0.022222258851686695,5146132248.0,-12.162162162162167,0.0006159431680427347
TSLA260320C00420000,420.0,8.8,买 Call，看涨,1.5840177467905565,CALL,3486.0,3553.0,3067680.0000000005,0.0002159596327409025,6225.0,<=5M,2026-03-20,405.9400024414063,399.610107421875,397.8450012207031,408.3299865722656,394.5899963378906,8.7,8.8,0.4157773266601562,False,TSLA,67.0,6.05,6225.0,3486.0,5202.985074626866,0.4545454545454547,0.015840177467905565,1420487690716.0,45.45454545454547,2.159596327409025e-06
TSLA260313C00410000,410.0,9.38,买 Call，看涨,1.5840177467905565,CALL,3201.0,3256.0,3002538.0,0.00021137374294926585,1939.0,<=5M,2026-03-13,405.9400024414063,399.610107421875,397.8450012207031,408.3299865722656,394.5899963378906,9.3,9.35,0.4181576739501953,False,TSLA,55.0,6.14,1939.0,3201.0,5820.0,0.5276872964169383,0.015840177467905565,1420487690716.0,52.76872964169384,2.1137374294926584e-06
TSLA260309C00410000,410.0,5.52,买 Call，看涨,1.5840177467905565,CALL,5431.0,5530.0,2997912.0,0.00021104808014836763,2342.0,<=5M,2026-03-09,405.9400024414063,399.610107421875,397.8450012207031,408.3299865722656,394.5899963378906,5.5,5.6,0.3573062316894531,False,TSLA,99.0,3.0,2342.0,5431.0,5485.858585858587,0.8399999999999999,0.015840177467905565,1420487690716.0,83.99999999999999,2.1104808014836762e-06
TSLA260304P00407500,407.5,1.02,卖 Put，看涨,1.5840177467905565,PUT,28986.0,29593.0,2956572.0,0.00020813781205733175,618.0,<=5M,2026-03-04,405.9400024414063,399.610107421875,397.8450012207031,408.3299865722656,394.5899963378906,1.01,1.05,1.0000000000000004e-05,True,TSLA,607.0,14.78,618.0,28986.0,4775.288303130148,-0.9309878213802436,0.015840177467905565,1420487690716.0,-93.09878213802436,2.0813781205733176e-06
AMD260313C00200000,200.0,7.95,买 Call，看涨,2.8922083365868687,CALL,3714.0,3740.0,2952630.0,0.0011409866876448032,2102.0,<=5M,2026-03-13,202.07000732421875,196.38999938964844,192.1699981689453,202.44000244140625,189.8600006103516,7.8,8.0,0.513554669189453,True,AMD,26.0,3.6,2102.0,3714.0,14284.615384615385,1.2083333333333333,0.028922083365868687,258778654648.0,120.83333333333333,1.1409866876448032e-05
TSLA260313C00420000,420.0,5.3,买 Call，看涨,1.5840177467905565,CALL,5565.0,5697.0,2949450.0,0.0002076364349565974,2797.0,<=5M,2026-03-13,405.9400024414063,399.610107421875,397.8450012207031,408.3299865722656,394.5899963378906,5.3,5.35,0.4026548992919921,False,TSLA,132.0,3.2,2797.0,5565.0,4215.909090909091,0.6562499999999999,0.015840177467905565,1420487690716.0,65.62499999999999,2.076364349565974e-06
TSLA260320P00395000,395.0,9.13,卖 Put，看涨,1.5840177467905565,PUT,3190.0,3281.0,2912470.0,0.00020503310370341632,4043.0,<=5M,2026-03-20,405.9400024414063,399.610107421875,397.8450012207031,408.3299865722656,394.5899963378906,9.2,9.35,0.4106504248046875,False,TSLA,91.0,12.2,4043.0,3190.0,3505.494505494506,-0.25163934426229495,0.015840177467905565,1420487690716.0,-25.163934426229496,2.0503310370341633e-06
TSLA260417C00450000,450.0,9.34,买 Call，看涨,1.5840177467905565,CALL,3029.0,3059.0,2829086.0,0.00019916300707780105,6977.0,<=5M,2026-04-17,405.9400024414063,399.610107421875,397.8450012207031,408.3299865722656,394.5899963378906,9.2,9.3,0.4261226821899414,False,TSLA,30.0,7.55,6977.0,3029.0,10096.666666666666,0.2370860927152318,0.015840177467905565,1420487690716.0,23.70860927152318,1.9916300707780105e-06
IREN260515C00050000,50.0,6.1,买 Call，看涨,2.5257293579237983,CALL,4636.0,4649.0,2827960.0,0.024839124257554763,14976.0,<=5M,2026-05-15,43.84000015258789,42.7599983215332,40.608001708984375,44.19499969482422,40.52000045776367,6.0,6.2,1.0676316149902347,False,IREN,13.0,4.99,14976.0,4636.0,35661.53846153846,0.222444889779559,0.025257293579237984,11385103479.0,22.2444889779559,0.00024839124257554764
CORZ260918P00012000,12.0,1.77,卖 Put，看涨/对冲,-2.2222258851686694,PUT,15481.0,15482.0,2740137.0,0.053246532890112386,168.0,<=5M,2026-09-18,15.84000015258789,16.200000762939453,16.0,16.360000610351562,15.789999961853027,1.77,1.78,0.8354508642578123,False,CORZ,1.0,1.95,168.0,15481.0,1548100.0,-0.09230769230769227,-0.022222258851686695,5146132248.0,-9.230769230769226,0.0005324653289011239
CRWD260306C00410000,410.0,5.0,买 Call，看涨,4.348713846836424,CALL,5003.0,5117.0,2501500.0,0.00207052406944145,2034.0,<=5M,2026-03-06,407.6799926757813,390.6900024414063,384.5199890136719,408.4100036621094,380.1099853515625,5.0,5.5,0.4460504614257812,False,CRWD,114.0,2.71,2034.0,5003.0,4388.59649122807,0.8450184501845018,0.043487138468364245,120814823499.0,84.50184501845018,2.07052406944145e-05
AMD260515C00250000,250.0,5.67,买 Call，看涨,2.8922083365868687,CALL,4193.0,4196.0,2377431.0,0.0009187121724679599,4518.0,<=5M,2026-05-15,202.07000732421875,196.38999938964844,192.1699981689453,202.44000244140625,189.8600006103516,5.55,5.8,0.5421798712158206,False,AMD,3.0,4.35,4518.0,4193.0,139766.6666666667,0.3034482758620691,0.028922083365868687,258778654648.0,30.344827586206907,9.187121724679598e-06
IREN260313C00040000,40.0,5.6,买 Call，看涨,2.5257293579237983,CALL,3961.0,3987.0,2218160.0,0.019483002540042177,584.0,<=5M,2026-03-13,43.84000015258789,42.7599983215332,40.608001708984375,44.19499969482422,40.52000045776367,5.2,5.6,1.1259809326171877,True,IREN,26.0,3.9,584.0,3961.0,15234.615384615385,0.43589743589743585,0.025257293579237984,11385103479.0,43.589743589743584,0.00019483002540042176
AMD260313C00205000,205.0,5.45,买 Call，看涨,2.8922083365868687,CALL,3981.0,4032.0,2169645.0,0.0008384172964154362,2587.0,<=5M,2026-03-13,202.07000732421875,196.38999938964844,192.1699981689453,202.44000244140625,189.8600006103516,5.35,5.4,0.5014698291015626,False,AMD,51.0,2.56,2587.0,3981.0,7805.882352941177,1.12890625,0.028922083365868687,258778654648.0,112.890625,8.384172964154361e-06
COIN260306C00215000,215.0,3.3,买 Call，看涨,2.393073985688758,CALL,6396.0,6741.0,2110680.0,0.0026279597534974034,1483.0,<=5M,2026-03-06,208.92999267578125,204.0469970703125,195.43499755859372,212.07000732421875,195.3999938964844,3.2,3.45,0.7656273437500001,False,COIN,345.0,2.75,1483.0,6396.0,1853.913043478261,0.19999999999999993,0.023930739856887578,80316298497.0,19.999999999999993,2.6279597534974036e-05
COIN260306P00210000,210.0,5.4,卖 Put，看涨,2.393073985688758,PUT,3826.0,3862.0,2066040.0000000002,0.0025723795028691114,448.0,<=5M,2026-03-06,208.92999267578125,204.0469970703125,195.43499755859372,212.07000732421875,195.3999938964844,5.15,5.45,0.6264685791015626,True,COIN,36.0,10.35,448.0,3826.0,10627.777777777777,-0.47826086956521735,0.023930739856887578,80316298497.0,-47.826086956521735,2.5723795028691116e-05
TSLA260306P00397500,397.5,2.38,卖 Put，看涨,1.5840177467905565,PUT,8645.0,8801.0,2057509.9999999998,0.00014484532414095803,1212.0,<=5M,2026-03-06,405.9400024414063,399.610107421875,397.8450012207031,408.3299865722656,394.5899963378906,2.37,2.39,0.387701435546875,False,TSLA,156.0,5.67,1212.0,8645.0,5541.666666666666,-0.5802469135802469,0.015840177467905565,1420487690716.0,-58.0246913580247,1.4484532414095803e-06
TSLA260306P00395000,395.0,1.88,卖 Put，看涨,1.5840177467905565,PUT,10822.0,11100.0,2034536.0,0.0001432279922802068,4327.0,<=5M,2026-03-06,405.9400024414063,399.610107421875,397.8450012207031,408.3299865722656,394.5899963378906,1.89,1.9,0.4006407592773437,False,TSLA,278.0,4.45,4327.0,10822.0,3892.8057553956833,-0.5775280898876405,0.015840177467905565,1420487690716.0,-57.752808988764045,1.4322799228020678e-06
IREN260320C00050000,50.0,1.79,买 Call，看涨,2.5257293579237983,CALL,11259.0,11294.0,2015361.0,0.017701736340977176,18139.0,<=5M,2026-03-20,43.84000015258789,42.7599983215332,40.608001708984375,44.19499969482422,40.52000045776367,1.71,1.79,1.0229541040039063,False,IREN,35.0,1.23,18139.0,11259.0,32168.57142857143,0.4552845528455285,0.025257293579237984,11385103479.0,45.52845528455285,0.00017701736340977177
